










8184,5 
8183,5 8184,5 
8183,5 8184,5 
8183,5 8184,5 
8183,5 8184,5 
8183,5 8184,5 
8179,3 8183,5 8184,5 
8179,3 8183,5 8184,5 
8179,3 8183,5 8184,5 
8179,3 8183,5 8184,5 
8179,3 8183,5 8184,5 
8179,3 8183,5 8184,5 
8179,3 8183,5 8184,5 
8179,3 8183,5 8184,5 
8179,3 8183,5 8184,5 
8179,3 8183,5 8184,5 
8179,3 8183,5 8184,5 
8179,3 8183,5 8184,5 
8179,3 8183,5 8184,5 
8179,3 8183,5 8184,5 
8179,3 8183,5 8184,5 
8179,3 8183,5 8184,5 
8179,3 8183,5 8184,5 
8179,3 8183,5 8184,5 
8179,3 8183,5 8184,5 
8179,3 8183,5 8184,5 
